4.868213317103380899e-01
4.979791573237661306e-01
4.985993657505284338e-01
5.000482627543938463e-01
4.959189143015780843e-01
4.937519486620966513e-01
4.866253443526170619e-01
4.772250517863625419e-01
4.673058278343690253e-01
4.535615670446537240e-01
4.402314903794818934e-01
4.360962158583722714e-01
4.374361479488328430e-01
4.497298033185982424e-01
4.626432933991073138e-01
4.788633160356204899e-01
4.948780618019518185e-01
5.074841437632134911e-01
5.163708437439937793e-01
5.261869220748713882e-01
5.300108377645375013e-01
5.341449911375916182e-01
5.292907403848207126e-01
5.276397697909326334e-01
5.150374249898563850e-01
4.886910863390778736e-01
4.620318406047793092e-01
4.411583594934546104e-01
4.280351613385439680e-01
4.241087940717961358e-01
4.298944519187647972e-01
4.507646763619280184e-01
4.794883293826210924e-01
5.095544771179021382e-01
5.373468298204027160e-01
5.512941251841885215e-01
5.651378478228372693e-01
5.650363572298033876e-01
5.588383304503812266e-01
5.528472889572255689e-01
5.392096973968010243e-01
5.218514425438315341e-01
4.905461058790868134e-01
4.497357293868921024e-01
4.029336707455100641e-01
3.842332948939713999e-01
3.966316975249321586e-01
4.364069340337839442e-01
4.824835564951844846e-01
5.202961966386914217e-01
5.426114207615263529e-01
5.627579708287954174e-01
5.771207316291883105e-01
5.791894099557948206e-01
5.751621927520448319e-01
5.697921605056912586e-01
5.567757383560765216e-01
5.257802656587011736e-01
4.908587460225938282e-01
4.430206398018237124e-01
4.088236487496530458e-01
3.995229781963396953e-01
4.244187114271681383e-01
4.501414248190147016e-01
4.796873598564930785e-01
5.066522519059517560e-01
5.261808892305721574e-01
5.402344267196275140e-01
5.522213680141798697e-01
5.567693317957589372e-01
5.591465393896684066e-01
5.555331325944433685e-01
5.378675230102292204e-01
5.127620817049992619e-01
4.892058000726077216e-01
4.764974266982724416e-01
4.715378414162769150e-01
4.638911311850001384e-01
4.563467657547994882e-01
4.477695026373673670e-01
4.562398295854954711e-01
4.740102398189078303e-01
4.884756657483929621e-01
4.999450103572725679e-01
5.123443739722810530e-01
5.214369380912721175e-01
5.257757810664787090e-01
5.257750870224442430e-01
5.189572789202809844e-01
5.106943643624404228e-01
4.967481901467102334e-01
4.809424584107458989e-01
4.677173425587802247e-01
4.457105943152455119e-01
4.363100348089777869e-01
4.488120635530783997e-01
4.665812992504324574e-01
5.016048433596002054e-01
5.237154312682854584e-01
5.427264719072329990e-01
5.685568689004207865e-01
5.876726034125612230e-01
5.963503961389796659e-01
5.983131526683324042e-01
5.853973135157067853e-01
5.672113844576847086e-01
5.444802677942213176e-01
5.198901808785529877e-01
4.894105964507656781e-01
4.609962735174152337e-01
4.696757212719157581e-01
5.137941785721913401e-01
5.602890426463364992e-01
5.976928908535674712e-01
6.223888995664893509e-01
6.377853588741537738e-01
6.517343626540242907e-01
6.620660089264740478e-01
6.579329233134730837e-01
6.492509663228479555e-01
6.347841523052939472e-01
6.230030217609499044e-01
6.080194652657654464e-01
5.840474512567535026e-01
5.560465650159096551e-01
5.333170499925257158e-01
5.356946313024536499e-01
5.675190595169453678e-01
6.014085890618660057e-01
6.351943857176415298e-01
6.577188374228544188e-01
6.749739466547077793e-01
6.841677878147223169e-01
6.905732269844320204e-01
6.875759177397654520e-01
6.771388835500886660e-01
6.616402929933585808e-01
6.404596707027996327e-01
6.270282636086019767e-01
6.113246631217033045e-01
5.779542251265293862e-01
5.566744079270505852e-01
5.561587332094731773e-01
5.683487624660985560e-01
5.957252226279710072e-01
6.302294082473786085e-01
6.658713989792213184e-01
6.955224549939138523e-01
7.066806009353577833e-01
7.119493561406881055e-01
7.106069682021055600e-01
7.043047280415144495e-01
6.925271211053452003e-01
6.778565784696862773e-01
6.490325560040147712e-01
6.207246353599418232e-01
5.891111431439126633e-01
5.545030644713520029e-01
5.405583317316933201e-01
5.488242360176821544e-01
5.768204775022957032e-01
6.145281568325965393e-01
6.561634847417088245e-01
6.957341384244133398e-01
7.264201208704379464e-01
7.456374527516176354e-01
7.574165011638583911e-01
7.563833899246160675e-01
7.438819484485446054e-01
7.256993294466866917e-01
7.053467550771990169e-01
6.833408076537039744e-01
6.608190253486235788e-01
6.408814359237192670e-01
6.242487774147393864e-01
6.073042261942895870e-01
6.014133405941016752e-01
6.127774574497618643e-01
6.409827663527453145e-01
6.780736540884533259e-01
7.063832831486107633e-01
7.306628120528755321e-01
7.393414055993337008e-01
7.441976317082026338e-01
7.522559634398958694e-01
7.559750784803639378e-01
7.624824887351314695e-01
7.572126123817455312e-01
7.486370042923954360e-01
7.267323872979263299e-01
6.988356610502488575e-01
6.674268050483695980e-01
6.400484763064044902e-01
6.156667093770689103e-01
6.025489034104255515e-01
6.019328592478698781e-01
5.992480833707048982e-01
6.138153202212398574e-01
6.392298246737992962e-01
6.658844256518674509e-01
6.971881606765327755e-01
7.230151408375509181e-01
7.413005317445063858e-01
7.523535033207338074e-01
7.583431567258205330e-01
7.553448864971064047e-01
7.470783415550856787e-01
7.396395242061204467e-01
7.194927071988382883e-01
6.992430115104534272e-01
6.634953659213701505e-01
6.239259935507293076e-01
5.820839472953638349e-01
5.502656587011767186e-01
5.376646486001666059e-01
5.550239712131890268e-01
5.863289875499178017e-01
6.170116599397783563e-01
6.428389604288125003e-01
6.628810301748990774e-01
6.786865483588527814e-01
6.982112883592799246e-01
7.122615157921711182e-01
7.215598906613706065e-01
7.276551989236978990e-01
7.238327247101031814e-01
7.123644478612766173e-01
6.990372541482476887e-01
6.713489546629081151e-01
6.428344758365900358e-01
6.069856599824887677e-01
5.698967476028787837e-01
5.351837615051144859e-01
5.082189762316612347e-01
5.023300125995686649e-01
5.192746705960237241e-01
5.483054647959511030e-01
5.755797937087577809e-01
5.969650522134666293e-01
6.234139492173318420e-01
6.463500224229611346e-01
6.640158455591859132e-01
6.809589019155616318e-01
6.918064898456018907e-01
6.910821214256732681e-01
6.794078202746278716e-01
6.603988617677835071e-01
6.328144019475944182e-01
5.994447113844577624e-01
5.626647019881693135e-01
5.188591517714138401e-01
4.665821000704720722e-01
4.162663634228116472e-01
3.989069340337839664e-01
4.222538813077925113e-01
4.674019262391356233e-01
5.183353086894312289e-01
5.646200909731564632e-01
5.989217225105174514e-01
6.234087705810749114e-01
6.414901125419095740e-01
6.418010976573343962e-01
6.348792897260127077e-01
6.270274094005594545e-01
6.203111986674354483e-01
6.037806180195187666e-01
5.847698443205844310e-01
5.664826382215388811e-01
5.451991906378798047e-01
5.238104619129988482e-01
5.118244282144915891e-01
4.948796634420312701e-01
4.848583616289747766e-01
4.888884617848677228e-01
5.041823627394451668e-01
5.207141179234201500e-01
5.445827193713028702e-01
5.576013304290260431e-01
5.769217545433190653e-01
5.963450573387149012e-01
6.160775300574454771e-01
6.231017361778461439e-01
6.256829927178764184e-01
6.199990390159523246e-01
6.076003160569757311e-01
5.956155102825293479e-01
5.791882888077390934e-01
5.583191321246289140e-01
5.406538962564331197e-01
5.219553889849872785e-01
5.087332094731671361e-01
5.020184402161146364e-01
5.028444593930851969e-01
5.181333418754137110e-01
5.432391568966622453e-01
5.679317487774147022e-01
5.896268712494927566e-01
6.004745125675358119e-01
6.017141286010208034e-01
5.946881072885301656e-01
5.925183654729109239e-01
5.820843210113822996e-01
5.745428919213273478e-01
5.665892540628270080e-01
5.613201251414782211e-01
5.531587011766715412e-01
5.400378520938774463e-01
5.258822901317615761e-01
5.218502680077733435e-01
5.214336814231106398e-01
5.299064108313579213e-01
5.462306468490401024e-01
5.556332884874111144e-01
5.606951117944773966e-01
5.580090546052491884e-01
5.542911674888417739e-01
5.548100454865783071e-01
5.541913853118927147e-01
5.524352937407905895e-01
5.508859739039443371e-01
5.490256155636705770e-01
5.431355307835223911e-01
5.354880731202084077e-01
5.299068379353791824e-01
5.300080615883999702e-01
5.248420249001644056e-01
5.126516219275204511e-01
5.072805753091166325e-01
5.075912934845281388e-01
5.028407222328998838e-01
5.070777008990539070e-01
5.156545369124649891e-01
5.172052982253828590e-01
5.217503256668161171e-01
5.209230251777821064e-01
5.184436329468041782e-01
5.105904179212846783e-01
5.041855126316013846e-01
4.935445362718089979e-01
4.835208853866359568e-01
4.710190168065432337e-01
4.516978986482158009e-01
4.368185021461976625e-01
4.280356418305678590e-01
4.368183419821898283e-01
4.426052277532193102e-01
4.543833685694150804e-01
4.728784675507720081e-01
4.837275503448865699e-01
4.930258718260832618e-01
4.950943899886817157e-01
4.961277681679373552e-01
4.847630106562452745e-01
4.705050505050505372e-01
4.555235227539666809e-01
4.482894483951566644e-01
4.382661178379994027e-01
4.343378286031563396e-01
4.318572084481174800e-01
4.380591859397355847e-01
4.446730518717833536e-01
4.595510068977299301e-01
4.733954769684157182e-01
4.827981186067866193e-01
4.823850556302987647e-01
4.781503726482584926e-01
4.713318705020608235e-01
4.586225895316804468e-01
4.467401819463129864e-01
4.546955282208982041e-01
4.651288786383923624e-01
4.836209345035983875e-01
4.942625515194225549e-01
5.069712452217738363e-01
5.162710615670447201e-01
5.172016144532001203e-01
5.157555470134751463e-01
5.137932175881434471e-01
5.120377666730732136e-01
5.127617079889806861e-01
5.045995899801396511e-01
4.928225169239969228e-01
4.800103572725136769e-01
4.697812159651483244e-01
4.595528220898200122e-01
4.685408524996262924e-01
4.842445063745275391e-01
4.970557050419629475e-01
5.086264868558737495e-01
5.143086253657078721e-01
5.180280073461892565e-01
5.213350737822196601e-01
5.151374741068187602e-01
5.103849274990924778e-01
5.079059623721356997e-01
5.069767441860465462e-01
5.044978858350951390e-01
4.950978602088538238e-01
4.869376107801054454e-01
4.782593909496657969e-01
4.861112178871163647e-01
4.949961026758066818e-01
5.007814401947594529e-01
5.017100711128195112e-01
4.990223588955090550e-01
4.985051359258548809e-01
4.810442159437931520e-01
4.683368569415081173e-01
4.689592008883763929e-01
4.728856749311294294e-01
4.877648578811369373e-01
4.992343626540243773e-01
5.058475345420376801e-01
5.155583851196958722e-01
5.209300190061288971e-01
5.283677152070385130e-01
5.371488137185811418e-01
5.461347086082815050e-01
5.573953061268072107e-01
5.594607277852521321e-01
5.604934653084759910e-01
5.540888803468084767e-01
5.429305208533538041e-01
5.280524590514018568e-01
5.223721891216606128e-01
5.165872253187264729e-01
5.115257757276784334e-01
5.030552886155422732e-01
4.983020479637816358e-01
5.155536335874602027e-01
5.301198560659449166e-01
5.498507805325987263e-01
5.690658701176671830e-01
5.800157494607811604e-01
5.907610459777478118e-01
5.984054071369080408e-01
6.072916800136672899e-01
6.079115147244110728e-01
5.978903196873598391e-01
5.787772545753517850e-01
5.630727464924083492e-01
5.369335532919041754e-01
5.113093941529459618e-01
4.896110684007089486e-01
4.710129305742413730e-01
4.844446579964550859e-01
5.097589531680439823e-01
5.298031050462339575e-01
5.476760736327332957e-01
5.642063873406367724e-01
5.717472825506652034e-01
5.823880987464497005e-01
5.924096141115169356e-01
5.959221709697397618e-01
5.967490977427553078e-01
5.953036709590622255e-01
5.853855681551241030e-01
5.686493369210070536e-01
5.560449099878276291e-01
5.381719947893308653e-01
5.291846050355564213e-01
5.210213658786597701e-01
5.068667115125888856e-01
4.891989664082687095e-01
4.827936340145642657e-01
4.872356226108868205e-01
5.060390373075362991e-01
5.199864928353300497e-01
5.374466119973519973e-01
5.578014820509535898e-01
5.755723727763897291e-01
5.916904777158477069e-01
6.031597155487218309e-01
6.040898413308560810e-01
6.011974395113929281e-01
5.924160740598372055e-01
5.784674973839878387e-01
5.560489140880260361e-01
5.372449121233475733e-01
5.116233689965190568e-01
4.942667691716318146e-01
4.835215260426676265e-01
4.818681529886603698e-01
4.971592777671001717e-01
5.121421936062527935e-01
5.333227625088090562e-01
5.543980502701433277e-01
5.743369743951138862e-01
5.872498772075938067e-01
5.968574220001281461e-01
6.039871228137613235e-01
6.029540649625215742e-01
6.029545454545454097e-01
6.027474533922736466e-01
5.990291391718453040e-01
5.962400965255088003e-01
5.890102398189079880e-01
5.808508445982020207e-01
5.686611890575949957e-01
5.596742797958442761e-01
5.496515898947187395e-01
5.466526256219702562e-01
5.504721101074165901e-01
5.581146026864842735e-01
5.692707732718302882e-01
5.818740790569543186e-01
5.931372391996070359e-01
6.107049885749674667e-01
6.243454096995323388e-01
6.447012941251841767e-01
6.603032972430435965e-01
6.630952762295256875e-01
