5.748716399879191252e-01
5.755637773079633757e-01
5.686474378334843705e-01
5.553130977549581848e-01
5.307157958320749547e-01
5.025420316117990005e-01
4.736434108527132203e-01
4.479412060807409501e-01
4.297266686801570756e-01
4.243833685694150537e-01
4.337511325883419144e-01
4.647790194301822386e-01
4.991266485452531820e-01
5.306126044498137295e-01
5.524036041477902170e-01
5.711416490486258546e-01
5.794321957112654742e-01
5.749219772475585577e-01
5.655063928319741251e-01
5.512735326688814608e-01
5.352385986106916738e-01
5.167623074599818622e-01
4.886992852109132146e-01
4.530152018524111202e-01
4.220351354072284233e-01
4.002013490385583627e-01
3.997181113460183122e-01
4.160450015101178067e-01
4.487742877277760556e-01
4.808819087888854815e-01
5.120884929024464016e-01
5.324524312896405931e-01
5.478178797946239298e-01
5.517139836907278827e-01
5.506896204570622677e-01
5.446113963555824222e-01
5.372067854625994787e-01
5.225183730997684517e-01
5.109609382865196725e-01
4.974604852511829156e-01
4.777257626094835175e-01
4.666742172556125889e-01
4.607746904258531728e-01
4.600145978052955220e-01
4.666691835296486457e-01
4.742852109131178717e-01
4.744714587737843270e-01
4.732986006241819976e-01
4.820295983086680391e-01
4.923588039867109467e-01
4.950896003221584851e-01
4.987038155642806170e-01
5.006342494714587366e-01
4.986585120306051278e-01
4.965619651666163259e-01
4.944478002617537227e-01
4.940929225812945580e-01
4.939645625692136721e-01
4.864668277458975010e-01
4.742197724755864430e-01
4.525646833786368117e-01
4.387798248263364842e-01
4.317175072989026252e-01
4.400055370985603287e-01
4.534455854223296001e-01
4.704897815362931723e-01
4.829784556528742279e-01
4.950166112956810305e-01
4.931566495519983384e-01
4.903402798751635427e-01
4.866404912916540981e-01
4.796310278868418098e-01
4.741442665861271277e-01
4.735981073190375090e-01
4.642957817376421881e-01
4.545630725863284982e-01
4.583131984294775418e-01
4.644618946944527593e-01
4.673588039867109245e-01
4.699612403100775215e-01
4.754756871035940580e-01
4.860364441759791321e-01
4.915735427363334686e-01
4.888351958119400709e-01
4.775772676935467476e-01
4.712473572938689625e-01
4.575480720829558368e-01
4.522878284506190449e-01
4.482709151313802320e-01
4.466450216450216226e-01
4.460560757072385418e-01
4.516888150609080776e-01
4.597805295479714394e-01
4.760570824524313349e-01
4.814331017819389880e-01
4.910072485653881325e-01
5.045882412161482033e-01
5.118670089600321216e-01
5.118821101379240623e-01
5.101681264471962240e-01
5.185417295882412958e-01
5.132084969294272714e-01
5.031209100976542503e-01
4.845942816873050063e-01
4.611673210510419674e-01
4.529094936071680344e-01
4.408461693345414045e-01
4.325229034531359318e-01
4.383595087083459463e-01
4.418201953085674205e-01
4.573643410852712421e-01
4.715795832074901606e-01
4.877806302224907964e-01
4.993330313097754103e-01
5.122445384073290864e-01
5.215015604550488071e-01
5.360641296687808088e-01
5.338039867109634073e-01
5.207540521494010699e-01
5.051721534279673964e-01
4.878183831672203707e-01
4.742122218866404171e-01
4.649350649350649789e-01
4.546889157354273570e-01
4.478027786167320667e-01
4.468111346018323049e-01
4.613586026376723659e-01
4.854449813752139131e-01
5.063903151112454371e-01
5.182749421121515265e-01
5.227071378234169341e-01
5.163017215342795563e-01
5.120733917245544609e-01
4.984470955401187342e-01
4.887521393335346742e-01
4.740108728480821876e-01
4.628989227826437736e-01
4.569918453639384426e-01
4.490989630524514498e-01
4.480745998187858348e-01
4.590279875163596479e-01
4.734647135809926799e-01
4.789665760595992472e-01
4.869702003422933245e-01
4.944226316319340064e-01
4.949486559951676301e-01
4.844910903050438367e-01
4.744613913218564960e-01
4.665282392026577907e-01
4.550060404711567807e-01
4.512055773683680826e-01
4.541352058793918789e-01
4.543793415886439035e-01
4.642202758481827618e-01
4.791880600020134717e-01
4.864139736232759859e-01
4.906246853921272799e-01
4.856211617839525374e-01
4.808441558441557961e-01
4.804968287526426574e-01
4.830589952682975974e-01
4.855456558944931666e-01
4.870884929024464904e-01
4.867562669888251259e-01
4.868267391523205534e-01
4.916289137219370109e-01
5.011577569717104996e-01
5.075329709050639959e-01
5.178193899124130528e-01
5.373628309674820525e-01
5.476391825229034449e-01
5.559574146783449189e-01
5.595867310983589915e-01
5.635482734319943177e-01
5.624408537199234726e-01
5.509035538105305774e-01
5.362377932145374615e-01
5.214461894694453203e-01
5.093249773482331211e-01
5.012710158058995003e-01
5.032467532467531646e-01
5.081747709654687029e-01
5.108577469042584474e-01
5.097176079734219156e-01
5.119878183831672036e-01
5.252793717909997051e-01
5.446491493003120521e-01
5.670643310178193897e-01
5.833509513742071162e-01
5.913319238900633934e-01
5.936650558743581385e-01
5.875968992248061795e-01
5.765050840632236495e-01
5.602688009664754665e-01
5.412337662337662891e-01
5.213983690727876930e-01
5.046712976945535445e-01
4.926935467633142274e-01
4.782467532467531979e-01
4.620884929024463572e-01
4.609609382865196281e-01
4.763691734621967599e-01
5.102058793919257429e-01
5.401741669183529604e-01
5.727121715493808107e-01
5.963555824020939644e-01
6.110918151615825078e-01
6.144065237088491838e-01
6.055698177791201120e-01
5.872822913520587829e-01
5.687405617638174871e-01
5.421146682774589109e-01
5.181163797442867036e-01
4.873879995973019463e-01
4.627202255109231777e-01
4.470678546259941877e-01
4.417975435417295094e-01
4.453136011275546369e-01
4.699461391321856363e-01
5.044498137521393755e-01
5.412690023155138919e-01
5.729311386288130636e-01
5.844734722641700131e-01
5.868292560153024473e-01
5.847855632739353826e-01
5.703941407429778954e-01
5.563349441256418837e-01
5.423739051646027098e-01
5.332930635256216689e-01
5.279220779220779036e-01
5.278943924292761603e-01
5.239076814658208958e-01
5.171524212221886296e-01
5.133167220376522177e-01
5.166515654887747777e-01
5.205476693848786196e-01
5.319465418302627979e-01
5.407303936373704101e-01
5.379593274942112702e-01
5.346270009060706263e-01
5.257928118393234707e-01
5.159040571831269295e-01
5.153151112453437932e-01
5.263414879693950610e-01
5.442162488674118226e-01
5.555647840531561243e-01
5.688940904057182557e-01
5.765805899526830203e-01
5.827544548474781205e-01
5.832049733212523179e-01
5.770185241115473040e-01
5.616253901137622240e-01
5.443018222087989688e-01
5.260218463706836101e-01
5.157857646229738746e-01
5.057963354474982465e-01
4.944654183026275795e-01
4.854575656901237712e-01
4.920718816067653489e-01
5.059725158562369263e-01
5.215116279069766936e-01
5.358300614114568372e-01
5.481324876673713264e-01
5.639358703312191690e-01
5.796461290647337838e-01
5.834239404006845708e-01
5.800991644014900084e-01
5.850246652572234085e-01
5.844558542232960452e-01
5.737440853719923961e-01
5.594105506896205338e-01
5.337133796436122068e-01
5.079558038860364499e-01
4.871765831068156638e-01
4.699335548172757226e-01
4.586353568911707979e-01
4.553835699184536345e-01
4.718967079432195288e-01
4.880776200543642251e-01
5.042031611799053792e-01
5.245293466223699408e-01
5.363586026376723215e-01
5.471785965972012500e-01
5.572233967582804759e-01
5.529673814557536371e-01
5.426834793113862743e-01
5.259186549884223849e-01
5.075128360012081119e-01
4.898218061008758895e-01
4.754026980771167143e-01
4.601479915433404067e-01
4.500528541226215817e-01
4.410273834692439721e-01
4.431264471962146345e-01
4.483992751434611179e-01
4.557913017215343143e-01
4.564758884526326499e-01
4.570799355683076715e-01
4.580136917346219749e-01
4.633142051746703127e-01
4.598686197523406127e-01
4.681063122923587727e-01
4.733640390617134264e-01
4.805723346421021391e-01
4.797870733917245500e-01
4.769858048927816396e-01
4.716525722339676152e-01
4.712473572938689625e-01
4.710510419812745653e-01
4.675022651766836956e-01
4.586127051243330532e-01
4.487163998791905972e-01
4.372017517366354467e-01
4.331496023356488090e-01
4.368946944528339094e-01
4.494890768146581617e-01
4.598157656297191531e-01
4.605909594281687447e-01
4.704646129064733451e-01
4.820144971307761539e-01
4.798877479110036925e-01
4.810102688009664784e-01
4.790974529346622712e-01
4.798323769254001503e-01
4.696617336152219546e-01
4.672480620155038400e-01
4.723799456357595794e-01
4.823794422631632051e-01
4.969445283398770674e-01
5.060404711567502156e-01
5.116732105104198070e-01
5.156297191180911899e-01
5.214663243733010933e-01
5.204595791805093352e-01
5.215493808517064345e-01
5.136564985402195527e-01
5.060832578274438998e-01
4.967305949864089243e-01
4.813097754958220453e-01
4.705602536997885998e-01
4.630776200543643140e-01
4.718413369576159866e-01
4.911708446592167876e-01
5.090632235981071840e-01
5.193446088794926307e-01
5.251937984496123368e-01
5.301243330313096802e-01
5.326260948353971347e-01
5.403302124232356451e-01
5.491341991341991413e-01
5.387244538407329753e-01
5.356815664955200118e-01
4.995973019228833190e-01
4.798877479110036925e-01
4.680509413067552305e-01
4.677363334340078893e-01
4.754480016107923146e-01
4.836731098359005609e-01
5.005788784858552498e-01
5.013163193395751005e-01
5.071302728279472039e-01
5.202808819087889614e-01
5.279145273331319332e-01
5.356513641397363523e-01
5.316998892580286906e-01
5.309674821302727832e-01
5.321705426356589941e-01
5.281762810832578703e-01
5.018649954696466908e-01
4.798625792811839763e-01
4.680761099365750577e-01
4.548298600624182120e-01
4.486836806604248551e-01
4.513968589549984811e-01
4.558819087888855148e-01
4.622848082150407545e-01
4.732834994462901679e-01
4.791503070572837863e-01
4.839524816269002438e-01
4.981073190375515658e-01
5.051595691130574828e-01
5.090607067351252679e-01
5.091135608577468386e-01
5.054062216852914791e-01
4.966223698781838114e-01
4.947825430383569478e-01
4.839247961340983339e-01
4.687732809825833624e-01
4.486509614416591130e-01
4.448379140239605012e-01
4.484470955401187453e-01
4.607545555219973998e-01
4.669259035538105285e-01
4.715242122218866183e-01
4.747457968388201222e-01
4.873150105708245472e-01
4.943219571126548084e-01
5.085271317829457294e-01
5.170089600322158585e-01
5.194805194805194315e-01
5.209075807913017275e-01
5.207892882311486726e-01
5.231475888452632450e-01
5.199939595288431970e-01
5.178923789388906185e-01
5.081798046914325351e-01
4.894266586127050678e-01
4.687908990234571638e-01
4.505889459377831474e-01
4.464336051545353956e-01
4.661481928923789653e-01
4.857721735628711679e-01
5.109408033826637885e-01
5.269178495922682837e-01
5.399703010168126482e-01
5.476190476190476719e-01
5.515956911305748278e-01
5.582980972515855234e-01
5.567879794623979972e-01
5.542912513842745970e-01
5.426205577368368171e-01
5.202582301419511612e-01
4.993657505285412634e-01
4.885608577469042757e-01
4.890214436726064706e-01
4.909116077720728777e-01
4.964512231954093524e-01
5.010570824524313016e-01
5.039816772374912102e-01
5.178974126648545617e-01
5.281334944125642972e-01
5.421574549481527061e-01
5.536645525017617198e-01
5.585170643310177763e-01
5.573291050035236172e-01
5.409971811134601793e-01
5.255688110339272745e-01
5.114643108829155516e-01
5.108124433705828471e-01
5.195887445887445999e-01
5.366304238397262560e-01
5.447221383267895067e-01
5.460208396254907504e-01
5.463228631833282334e-01
5.464763918252291131e-01
5.465418302627604863e-01
5.475838115372999582e-01
5.393436021342997710e-01
5.220175173663545998e-01
5.019732205778717482e-01
4.823492399073794346e-01
4.639484546461291048e-01
4.599743279975838095e-01
4.670240612101076993e-01
4.936096848887546740e-01
5.347050236585120242e-01
5.585598510017114604e-01
5.582251082251081797e-01
5.559045605557233483e-01
5.512735326688814608e-01
5.422077922077921386e-01
5.312393033323264957e-01
5.195358904661230293e-01
5.056478405315615321e-01
4.810983590053357628e-01
4.406070673512533231e-01
4.225485754555521889e-01
4.368896607268699661e-01
4.652295379039564915e-01
4.953085674015905715e-01
5.207842545051846184e-01
5.349088895600523363e-01
5.375138427464009050e-01
5.350145978052955886e-01
5.273633343400785378e-01
5.181163797442867036e-01
5.042081949058692114e-01
4.909317426759287062e-01
4.815463606161280441e-01
4.761829256015303047e-01
4.773255813953488635e-01
4.797895902547065217e-01
4.924896808617738597e-01
5.108275445484748989e-01
5.315287425752541761e-01
5.375968992248061351e-01
5.307459981878587252e-01
5.273129970804389943e-01
5.244815262257123134e-01
5.153000100674518524e-01
5.010822510822510178e-01
4.822460485251182649e-01
4.642555119299305311e-01
4.601832276250880649e-01
4.701172858149602618e-01
4.734194100473169686e-01
4.841865498842242710e-01
4.926834793113862854e-01
5.031611799053659073e-01
5.132110137924091875e-01
5.145625692137320017e-01
5.165307560656398067e-01
5.120079532870229766e-01
5.041352058793918678e-01
4.949260042283298300e-01
4.784707540521494495e-01
4.620608074096446138e-01
4.546159267089500133e-01
4.644669284204168136e-01
4.802250075505889448e-01
4.851379240914124868e-01
4.883620255713278513e-01
