4.944751707441888411e-01
5.040427500147617312e-01
5.101698584840670403e-01
5.232133367449367523e-01
5.356939004467887733e-01
5.449190072234141313e-01
5.514948727537543061e-01
5.474737732989549688e-01
5.432164859172948779e-01
5.325211092959631909e-01
5.223177908555907134e-01
5.020725490582006456e-01
4.806129076702029268e-01
4.669376267049815676e-01
4.593658354163795421e-01
4.586789221957603968e-01
4.626271970397780042e-01
4.687582419745311424e-01
4.860806581770227841e-01
5.034011061467907888e-01
5.144074635384887628e-01
5.196842954710965135e-01
5.183537701497825667e-01
5.160233826047592176e-01
5.044127777668431234e-01
4.854547601708426585e-01
4.727950872911212410e-01
4.581691499202865669e-01
4.472395536048181519e-01
4.468852717145274656e-01
4.554647981577341076e-01
4.687267502509496753e-01
4.861259275296710980e-01
5.019367410002558705e-01
5.167476922471313516e-01
5.330564685968469663e-01
5.497569232586061450e-01
5.568445292971441196e-01
5.536087546991556030e-01
5.353494597201172711e-01
5.067372606136950619e-01
4.834373216289093445e-01
4.629519554392110825e-01
4.418702147341901920e-01
4.352136516621725737e-01
4.421871002027278896e-01
4.596177692050307795e-01
4.775090046647115227e-01
4.916527250182062270e-01
5.025744484027790948e-01
5.126714822760642942e-01
5.132442379987010028e-01
5.228157537347215555e-01
5.336272560867597603e-01
5.445411065404373030e-01
5.525183537701496839e-01
5.554214970378097416e-01
5.496742574842049534e-01
5.478260869565216851e-01
5.376621331706261664e-01
5.276241462790560721e-01
5.130848111480701412e-01
4.867282067431652481e-01
4.638415966303855997e-01
4.284626134194107761e-01
3.983978585627964142e-01
3.896628417344066841e-01
4.115062885035526419e-01
4.456551262621292753e-01
4.833566240872320674e-01
5.155943078709627203e-01
5.448520873108035900e-01
5.633967760347983189e-01
5.789792745094179960e-01
5.876414667270257741e-01
5.819414647587930478e-01
5.714192926171589582e-01
5.488751549983270639e-01
5.186155451020528773e-01
4.834294486980139638e-01
4.468675576200130672e-01
4.042159544944594063e-01
3.869348711791681938e-01
4.005845651189797185e-01
4.296514259846084260e-01
4.640108646446355900e-01
4.987698545476016432e-01
5.282185525616548416e-01
5.484027791446060007e-01
5.621646623496762141e-01
5.676639045800775385e-01
5.690377310213159401e-01
5.632196350896531145e-01
5.459956305233530927e-01
5.266813628043379714e-01
5.068376404826107073e-01
4.818745448461826397e-01
4.659771291357490131e-01
4.578857244080539735e-01
4.692365225264235606e-01
4.858543114137815477e-01
5.056724467100990328e-01
5.203751451571634323e-01
5.276005274863699857e-01
5.314759777196055301e-01
5.286338496663846032e-01
5.265022536264687414e-01
5.191863325919656713e-01
5.136772491979451072e-01
5.051488968055581896e-01
5.018324246658925070e-01
4.931072490011219611e-01
4.905820064164387873e-01
5.030625701182908083e-01
5.171807034463754560e-01
5.302123723109020137e-01
5.371818843860097781e-01
5.374357864073848745e-01
5.379081622611057156e-01
5.290078138839136024e-01
5.164445844076605008e-01
5.009998622237092913e-01
4.922038301808805416e-01
4.842088688566536514e-01
4.849213691026826867e-01
4.892593540260200546e-01
4.933119452044009701e-01
5.048890900860116826e-01
5.356978369122364914e-01
5.569724644241935696e-01
5.646879367016356399e-01
5.723522349282579302e-01
5.754974708209499301e-01
5.760741630090342458e-01
5.644852087310803235e-01
5.549373117877458572e-01
5.509910051764520533e-01
5.511110673726060671e-01
5.473281240773909539e-01
5.477670399748066909e-01
5.477158659239869110e-01
5.404747377329895963e-01
5.412935225461058542e-01
5.463282618536815516e-01
5.535536441828881049e-01
5.639616588265397024e-01
5.712264058102229924e-01
5.819926388096128278e-01
5.842403605802349853e-01
5.798610427696970770e-01
5.746983683350719296e-01
5.766232999389847569e-01
5.819690200169268524e-01
5.908339402050899469e-01
6.022142618143169202e-01
6.095793886669158557e-01
6.110004526935265412e-01
6.093058043183026129e-01
6.038774184659594368e-01
5.975298679315842465e-01
5.975652961206133762e-01
5.898360462141043481e-01
5.767020292479381194e-01
5.612356565040250711e-01
5.496663845533096282e-01
5.377172436868935534e-01
5.297872340425532345e-01
5.311787745783062009e-01
5.460153128505914610e-01
5.692798236463479933e-01
5.896175723817584924e-01
6.116598106560118264e-01
6.284015982049717675e-01
6.400614088609837271e-01
6.525203220028735762e-01
6.597476725648040441e-01
6.565866908103213939e-01
6.411242545318558417e-01
6.167043911272068746e-01
5.903674690495404054e-01
5.608420099592575925e-01
5.333103706182219517e-01
5.083079103273171473e-01
4.906016887436770446e-01
4.907689885252032869e-01
5.083551479126892092e-01
5.359773259590213668e-01
5.675320329875803704e-01
5.937587340327119545e-01
6.180329482157970178e-01
6.428307123034227022e-01
6.579172161316354517e-01
6.657114177180309955e-01
6.651425984608420050e-01
6.595370716633534025e-01
6.461944220284607798e-01
6.307674139390242463e-01
6.076269018048694459e-01
5.824217135434094361e-01
5.604267128545278309e-01
5.405436258783239412e-01
5.226071210659948285e-01
5.152065660243667633e-01
5.192965536245005564e-01
5.301001830456433250e-01
5.405003247583993753e-01
5.567165941700946696e-01
5.828507882772059334e-01
6.117779046194422587e-01
6.362154821186055687e-01
6.533115515578562515e-01
6.663018875351822690e-01
6.722420138957230229e-01
6.726533745350050664e-01
6.622807880803825986e-01
6.479126891963706836e-01
6.361702127659574213e-01
6.149861239592968598e-01
5.839785856279646747e-01
5.339854744424981092e-01
4.816521345483890104e-01
4.482571299230421191e-01
4.444171078788355933e-01
4.578207727281674022e-01
5.028224457259826696e-01
5.620682189462082867e-01
6.084693054106716792e-01
6.393410356840592002e-01
6.618733639065483843e-01
6.724447418662782283e-01
6.750152538036097161e-01
6.695199480386562207e-01
6.568425610644202939e-01
6.427539512271931432e-01
6.170488318538783767e-01
5.816954356683133875e-01
5.347314346448323041e-01
4.835593520577872728e-01
4.502450449741177141e-01
4.413820930186784786e-01
4.707619028873973877e-01
5.211781841084889288e-01
5.606195996614640187e-01
5.908437813687090756e-01
6.058180959316629144e-01
6.089849823843171972e-01
6.080736906331803970e-01
6.007361190387150440e-01
5.909205424449386346e-01
5.775286869919500354e-01
5.615446690416675546e-01
5.431003601865883601e-01
5.231168933414687139e-01
5.080559765386658544e-01
4.939811443305055505e-01
4.870273781171885474e-01
4.930836302084357636e-01
5.076761076229654446e-01
5.101383667604857397e-01
5.145924774145295144e-01
5.093018678528549170e-01
5.036884681244711004e-01
4.943413309189678695e-01
4.805007184049442381e-01
4.710276143051153608e-01
4.694963292459700677e-01
4.681953274155136180e-01
4.715452595114846268e-01
4.795874584210836344e-01
4.873580412147932028e-01
4.896116676835868264e-01
4.845218178597437420e-01
4.804397031905052740e-01
4.691085873993740551e-01
4.630464306099553728e-01
4.476705965713385638e-01
4.337965241010096618e-01
4.332473871710590951e-01
4.295864743047217438e-01
4.292558112071171439e-01
4.246363690042710415e-01
4.314995965122916388e-01
4.495364811935363969e-01
4.685811010293857715e-01
4.891727517861711449e-01
5.089574271261834149e-01
5.188891294506662311e-01
5.266360934516898240e-01
5.344893420198004730e-01
5.233078119156809871e-01
5.091562186312910132e-01
4.895034148837759114e-01
4.658570669395949437e-01
4.478910386364083895e-01
4.380183832936406785e-01
4.399275690357627999e-01
4.398409667959139457e-01
4.568622433916586512e-01
4.792784458834411510e-01
5.010215127836715743e-01
5.248390969748262247e-01
5.418623418032948447e-01
5.535575806483358230e-01
5.582026098765918709e-01
5.546105851555888089e-01
5.430275355758065192e-01
5.279056035585647511e-01
5.110732773043084043e-01
4.951050052158166848e-01
4.770267876473714419e-01
4.780581415946622004e-01
4.793355246324324526e-01
4.821087645403192568e-01
4.955262070187178014e-01
5.131950321806051374e-01
5.292302241817072872e-01
5.377349577814081183e-01
5.362036727222626586e-01
5.388430728049284912e-01
5.389277068120534864e-01
5.325270139941346015e-01
5.259688625583088806e-01
5.162477611352767060e-01
5.065207550140728987e-01
5.066152301848170225e-01
5.035625012301454539e-01
5.066270395811601768e-01
5.113783533765032807e-01
5.167595016434743949e-01
5.216308776349716236e-01
5.216741787548959675e-01
5.171019741374219825e-01
5.155490385183144619e-01
5.074143326706950230e-01
4.984254138209301965e-01
4.918633259196567020e-01
4.827071072883658553e-01
4.763320014958568605e-01
4.756017871553132603e-01
4.838486822681913324e-01
4.938413998071132238e-01
5.020075973783140189e-01
5.119924419863405296e-01
5.097466884484421756e-01
5.102702383529827967e-01
5.077981380518432619e-01
5.120672348298462850e-01
5.165902336292242936e-01
5.166295982837010303e-01
5.156828783435353225e-01
5.106756942940933186e-01
5.034109473104100285e-01
4.960103922687818523e-01
4.850689865569705050e-01
4.784576928376012006e-01
4.688507489125514072e-01
4.585588599996063275e-01
4.569586867951266340e-01
4.622394551931819917e-01
4.733698112464817531e-01
4.781959178853307790e-01
4.796406007046273290e-01
4.891983388115811460e-01
5.055917491684216447e-01
5.214557049225501117e-01
5.249709685673233928e-01
5.141161650953608442e-01
5.117680634558230413e-01
5.037317692443954442e-01
4.986183006278662733e-01
4.928710610742614295e-01
4.865077646780956444e-01
4.857558997775896503e-01
4.868207136811856239e-01
4.872911213021827725e-01
4.797823134607436257e-01
4.710197413742201467e-01
4.711870411557462224e-01
4.767709173932724864e-01
4.906882909835258988e-01
5.009998622237092913e-01
5.084515913161572476e-01
5.213691026827012021e-01
5.363650678056173238e-01
5.396716987816640998e-01
5.425276044639518735e-01
5.431023284193123857e-01
5.471313008050072701e-01
5.382526029877772178e-01
5.272659279233176122e-01
5.139134371248055277e-01
4.929025527978428411e-01
4.752199500068888804e-01
4.677485385872025003e-01
4.679906312122344980e-01
4.772688802724033286e-01
4.896530005707874222e-01
5.036491034699942526e-01
5.149841557265731895e-01
5.241010097033873549e-01
5.309445548841694729e-01
5.384199027693034045e-01
5.389670714665302231e-01
5.446099946857716478e-01
5.492333733540653018e-01
5.474462180408211642e-01
5.374082311492510700e-01
5.308441750152538274e-01
5.254000433011198901e-01
5.186253862656721170e-01
5.175093983112563079e-01
5.155490385183144619e-01
5.217115751766489007e-01
5.240675497470821398e-01
5.215895447477709723e-01
5.159722085539393266e-01
5.240498356525675749e-01
5.372468360658964048e-01
5.456157616076524608e-01
5.517901076623299428e-01
5.489145196528038007e-01
5.533135197905800773e-01
5.539157990040741719e-01
5.523963233412718665e-01
5.500698722616961245e-01
5.424252563623123136e-01
5.315507705631115076e-01
5.145019387092329977e-01
5.006495167988663786e-01
4.878402582321334502e-01
4.931525183537702195e-01
4.985494124825319284e-01
5.119511090991398783e-01
5.194658216387505467e-01
5.320821933985474539e-01
5.453933513098588870e-01
5.529592379002894464e-01
5.507351349223531534e-01
5.473143464483241072e-01
5.479559903162950496e-01
5.485011907807979536e-01
5.456629991930246337e-01
5.467258448638967483e-01
5.445804711949141508e-01
5.423603046824255758e-01
5.348259098155766500e-01
5.257228334678292203e-01
5.271635798216780522e-01
5.205424449386895080e-01
5.126852599051311410e-01
5.263369220776664692e-01
5.347353711102800222e-01
5.347393075757277403e-01
5.432775011317338976e-01
5.470624126596728143e-01
5.525695278209695749e-01
5.560828232330191634e-01
5.572578581691498556e-01
5.593107249001121328e-01
5.552856889798649664e-01
5.583699096581180576e-01
5.563111382289841478e-01
5.476135178223472399e-01
5.388470092703760983e-01
5.276950026571142205e-01
5.254590902828351062e-01
5.210935501013640447e-01
5.240222803944338814e-01
5.324148247288759128e-01
5.424626527840652468e-01
5.550002952349085694e-01
5.617552699431180852e-01
5.603204282874407749e-01
5.568957033479638996e-01
5.545731887338358757e-01
5.508650382821264069e-01
5.430275355758065192e-01
5.308914126006258893e-01
5.148168559450468917e-01
5.026334953844942000e-01
4.976794536185957796e-01
5.003090125376423725e-01
5.103430629637648597e-01
5.185486251894424470e-01
5.309209360914834974e-01
5.453303678626960638e-01
5.579270572952546026e-01
5.658078611214989451e-01
5.651465349262897453e-01
5.646072391599582518e-01
5.584565118979668563e-01
5.475032967898123548e-01
5.330958332513235920e-01
5.261184482453205025e-01
5.187493849272738489e-01
5.090479658314799316e-01
5.003739642175291102e-01
4.945893282421713333e-01
4.965929891550377451e-01
5.083334973527270373e-01
5.235932056606372731e-01
5.323951424016375444e-01
5.425374456275710022e-01
5.477571988111874512e-01
5.560828232330189413e-01
5.638219143031472091e-01
5.706910465093393281e-01
5.746924636369004080e-01
5.689255417560572514e-01
5.575216013541440807e-01
5.460763280650304807e-01
5.338555710827248557e-01
